#6 raised to the 6 power
6^6
a <- 100
b <- 2
c <- c(100, 200, 50, 5)
d <- c(1,2,3,4)
a*c
